42 15 6
68 20 11
35 11 5
1 0 0
70 22 11
25 9 4
79 22 15
59 17 9
63 18 9
65 22 12
6 2 1
46 13 7
82 21 10
28 7 3
62 17 6
92 24 13
96 26 11
43 12 5
28 7 4
37 14 5
92 24 10
5 1 0
3 1 0
54 14 7
93 24 11
83 21 10
22 5 3
17 5 2
19 5 2
96 24 11
48 13 6
27 7 4
72 20 8
39 10 4
70 18 8
13 4 1
68 18 7
100 26 11
36 10 6
95 23 12
4 1 0
12 4 2
23 7 3
34 10 4
74 19 8
65 19 7
42 10 6
12 3 1
54 14 6
69 17 9
48 12 5
45 11 5
63 16 7
58 16 10
38 12 5
60 15 6
24 5 3
42 10 6
30 7 4
79 20 9
17 5 2
36 10 5
91 24 10
43 12 5
89 23 14
7 2 1
41 12 6
43 11 5
65 16 8
49 12 6
47 12 5
6 2 0
91 23 11
30 7 4
71 18 9
51 12 6
7 2 0
2 1 0
94 25 12
49 13 6
30 7 3
24 6 3
85 22 10
55 13 9
57 14 6
41 10 5
67 18 9
77 19 9
32 9 5
9 2 1
45 12 6
40 10 5
27 7 4
24 6 3
38 9 5
39 9 4
19 5 2
83 22 9
30 8 3
42 10 5
34 9 4
16 4 1
40 10 5
59 14 7
5 1 0
31 9 4
78 23 9
7 1 1
74 19 10
87 22 10
22 6 3
46 13 5
25 7 2
73 18 9
71 19 8
30 7 4
78 23 11
74 21 8
98 24 13
13 3 2
87 23 9
91 22 10
62 16 7
37 10 5
56 15 7
68 19 7
56 16 7
75 18 9
32 9 5
53 12 6
51 15 6
51 12 6
42 11 5
25 7 3
67 18 9
31 10 4
8 2 1
92 26 10
8 2 1
38 10 4
58 15 6
88 23 10
54 12 6
84 21 9
46 11 5
10 3 1
10 3 1
59 15 7
22 6 3
89 22 11
23 6 2
47 12 5
7 2 1
31 7 3
14 3 1
69 17 8
1 0 1
92 23 11
63 18 7
56 14 7
11 2 2
60 17 7
25 7 4
38 10 5
49 13 6
84 21 9
96 24 11
42 10 5
3 0 1
51 12 6
92 23 10
37 9 4
75 20 8
21 5 3
97 25 11
22 5 3
49 12 6
100 26 11
69 19 8
85 21 10
82 21 11
35 12 5
54 14 6
100 26 11
19 5 2
39 9 5
1 0 0
89 23 12
28 8 4
68 17 8
29 7 5
94 23 11
49 13 5
84 21 9
8 1 1
22 5 3
11 2 2
18 4 2
14 3 2
15 4 1
10 2 1
17 4 2
36 10 4
52 13 6
1 0 0
50 14 5
20 4 3
57 14 6
99 25 13
4 1 1
25 6 4
9 3 2
45 12 5
10 2 1
90 22 9
3 1 0
96 25 11
86 24 11
94 24 12
44 12 5
24 6 3
88 25 16
15 4 2
4 1 1
49 13 6
1 0 0
59 14 7
19 5 2
81 22 11
97 30 11
99 25 12
82 22 11
90 23 11
99 28 12
10 2 2
58 16 8
73 18 9
23 6 2
39 10 4
93 24 12
39 10 5
80 21 9
91 23 10
58 15 7
59 15 7
92 22 11
16 4 2
89 22 12
57 15 7
12 3 1
3 1 0
35 10 4
73 20 8
56 15 6
29 7 5
47 12 5
63 16 7
87 21 10
76 19 9
34 8 5
70 19 8
43 13 5
45 11 6
17 5 3
82 21 9
99 24 12
23 5 3
52 13 6
22 6 2
100 26 11
58 18 8
77 20 9
93 24 11
90 23 10
76 18 9
13 3 2
1 1 0
11 3 1
4 1 1
70 18 7
62 16 7
89 24 14
2 1 0
90 25 10
56 13 6
24 6 2
3 1 0
86 21 11
83 23 9
86 22 10
89 24 11
27 8 5
18 5 2
58 15 6
33 9 3
33 7 4
70 18 8
55 15 7
22 6 2
90 22 11
77 20 12
30 9 4
69 20 7
93 24 10
26 7 3
56 14 6
35 9 3
50 13 6
42 11 5
13 3 2
46 11 5
61 15 7
19 4 2
54 14 7
40 11 5
24 6 3
80 21 9
97 24 11
88 23 11
30 9 4
50 13 6
38 11 5
67 18 8
50 15 6
94 25 11
96 24 12
98 28 12
17 4 2
87 23 10
6 1 1
89 22 10
83 22 11
56 14 7
35 8 4
15 4 1
2 1 0
17 4 2
72 18 8
87 22 11
64 16 7
14 4 1
56 14 7
86 21 12
54 16 6
13 3 2
9 2 1
33 8 4
46 11 5
14 4 1
57 15 6
22 6 3
59 15 6
47 11 5
83 20 10
82 20 9
45 11 7
97 27 11
23 6 3
30 8 3
62 16 7
36 9 4
51 13 6
74 18 9
67 18 9
45 11 6
60 15 7
93 25 12
40 11 4
54 14 7
25 6 3
55 14 7
11 2 2
46 11 5
50 12 6
87 21 10
14 3 2
75 19 9
23 6 4
69 18 8
19 5 3
88 22 10
6 1 1
59 15 7
92 23 12
3 0 1
26 8 3
78 21 9
15 4 2
15 3 2
25 6 3
35 8 5
75 22 10
73 18 8
60 15 7
34 8 3
71 18 8
88 21 11
98 25 12
19 4 3
78 19 10
74 22 9
71 19 8
64 16 7
69 16 8
93 24 12
86 23 10
3 1 0
81 21 10
14 3 3
28 9 4
3 1 0
100 26 12
28 7 4
26 7 2
44 10 5
25 6 2
24 6 2
73 20 7
62 15 8
82 21 9
4 1 1
33 8 4
6 2 1
94 28 11
26 7 3
32 8 3
93 25 10
43 11 5
23 6 2
87 21 11
65 17 8
1 0 1
88 24 12
61 18 7
14 4 1
75 19 9
71 17 8
71 18 8
36 9 4
34 8 4
12 3 1
61 16 7
97 25 11
68 18 10
86 22 10
51 13 6
41 11 5
95 24 12
96 24 11
25 6 4
20 6 3
26 7 3
77 19 10
95 26 11
59 16 7
3 0 1
72 18 9
67 17 8
79 19 9
94 24 10
52 14 6
85 22 11
19 5 4
65 18 8
20 6 2
53 14 6
1 0 0
88 23 10
61 15 7
27 7 3
11 3 1
58 15 7
71 19 8
16 4 3
77 21 10
28 7 4
44 11 5
59 15 7
65 16 8
10 2 1
83 20 11
87 22 10
66 16 8
88 22 11
78 23 9
75 18 9
26 6 3
28 7 3
30 7 3
29 6 4
24 6 2
21 5 2
3 1 0
63 17 8
24 6 3
97 25 11
38 10 5
62 19 9
96 26 11
26 7 3
65 17 8
61 14 8
3 0 1
17 4 2
31 7 3
27 6 3
12 3 1
72 18 8
12 3 1
48 12 6
54 14 7
21 6 3
91 24 10
25 6 3
89 23 10
64 17 7
41 10 5
52 13 6
63 16 7
30 7 3
1 0 0
14 3 2
59 14 10
79 24 13
66 17 8
8 2 1
78 19 10
1 1 0
59 15 7
40 9 5
4 1 0
61 15 7
58 14 7
25 6 2
78 20 9
9 3 1
14 5 2
88 23 10
2 0 0
51 14 5
61 16 8
29 7 4
94 24 11
85 22 10
6 1 1
41 11 5
12 3 2
5 1 1
36 9 4
57 16 7
73 19 11
51 13 6
24 7 2
86 22 11
57 14 8
17 6 2
27 8 3
58 14 8
27 7 3
58 14 7
38 10 6
72 20 9
70 18 9
62 17 7
97 24 11
23 6 3
18 5 2
13 4 2
18 4 2
97 25 12
86 24 12
42 13 5
24 7 3
30 7 4
30 7 3
66 17 7
60 15 7
33 8 3
97 25 11
56 15 6
54 14 6
63 15 10
85 23 10
35 9 4
55 14 7
73 18 9
58 14 6
70 18 10
33 10 4
64 17 8
8 1 1
84 22 12
12 3 2
36 10 4
68 17 9
49 12 6
76 19 9
39 10 5
24 6 2
43 11 5
55 13 7
12 3 1
42 11 5
76 19 11
60 16 7
26 8 3
22 5 3
71 18 8
27 7 3
35 8 4
6 1 1
84 22 10
51 16 8
99 26 11
80 22 12
2 0 1
94 24 11
35 11 5
38 12 5
35 8 4
57 14 7
94 29 14
77 25 14
6 2 1
63 21 11
49 13 6
82 20 12
1 0 1
14 5 3
42 12 9
56 18 8
56 16 9
43 11 5
63 16 8
12 3 1
78 20 16
25 6 3
79 20 10
53 14 7
44 11 5
97 25 11
74 19 9
41 11 6
14 4 2
76 22 11
73 21 9
19 4 3
11 3 1
18 5 2
33 8 4
13 4 1
96 25 11
70 18 9
32 8 3
41 10 4
89 22 11
86 24 12
91 33 16
98 30 12
90 24 13
91 25 13
46 13 7
54 17 9
15 4 3
52 14 6
41 10 5
45 11 5
59 15 7
36 9 4
60 15 9
93 23 15
6 1 1
65 17 9
82 21 11
4 1 1
30 7 5
76 20 9
9 2 2
93 25 12
98 26 13
50 13 7
57 15 7
62 15 9
28 8 5
68 23 10
42 11 5
30 8 3
41 11 5
14 4 1
75 21 11
2 1 0
78 24 10
16 4 1
84 22 12
14 6 3
93 29 13
25 7 5
2 1 0
93 26 11
60 18 11
71 20 10
29 7 4
28 7 4
85 22 11
76 20 11
87 24 11
99 28 13
71 20 9
88 23 11
48 12 7
5 1 1
4 1 1
22 6 4
64 18 12
7 2 1
64 21 9
11 3 1
72 19 10
90 40 20
41 13 9
65 20 11
43 12 6
20 6 3
14 5 2
92 26 15
5 2 1
19 5 3
33 9 6
51 14 6
6 1 1
76 21 11
40 12 5
4 1 1
23 7 3
99 26 13
48 14 6
85 25 11
49 13 6
72 19 9
65 17 8
14 3 2
76 22 9
46 12 5
13 3 3
47 12 6
79 20 12
70 20 9
63 17 9
20 6 4
86 23 10
90 25 11
45 12 7
66 18 9
41 14 6
46 13 7
9 3 1
19 5 3
71 19 9
2 1 0
24 7 4
33 8 4
73 18 10
53 15 7
88 22 13
71 21 10
64 19 12
2 0 1
4 1 1
24 9 4
28 9 4
1 0 0
70 19 8
16 4 2
66 20 11
29 7 4
44 12 7
48 12 6
89 22 13
44 12 7
38 10 4
10 3 1
64 16 7
50 12 6
82 20 10
89 22 10
43 11 4
9 3 1
61 16 7
22 6 2
59 15 8
55 14 7
89 23 11
47 12 5
91 23 10
50 14 7
44 12 6
31 7 3
21 5 2
49 12 6
68 16 8
37 11 5
84 24 10
36 9 3
27 6 3
86 21 12
39 9 5
54 14 7
30 7 4
25 6 3
49 12 6
24 6 3
60 15 7
58 15 8
67 20 9
45 13 5
56 15 7
19 5 3
27 6 3
12 4 1
26 7 2
56 14 7
2 1 0
50 13 6
97 25 14
85 23 12
16 5 2
65 18 8
43 11 6
76 21 8
14 3 1
43 11 5
97 26 12
49 12 7
73 20 9
27 8 5
7 1 1
74 21 9
30 8 4
5 1 0
6 2 0
27 7 4
13 3 1
76 20 10
94 26 13
66 17 9
37 9 5
37 10 4
42 11 5
15 5 2
95 27 13
57 15 7
53 15 8
37 9 4
39 10 4
83 22 10
56 15 8
16 5 2
32 9 3
31 8 5
42 12 6
26 6 3
12 3 2
38 10 6
87 23 11
91 23 12
51 13 7
63 17 7
35 11 4
94 25 12
54 17 9
17 4 4
53 13 7
9 2 1
63 15 7
34 8 4
55 14 7
4 1 0
35 9 5
4 1 0
57 15 6
49 12 5
25 5 3
18 4 2
14 3 2
10 2 1
29 7 3
1 1 0
81 23 10
19 5 2
59 15 7
51 12 6
56 15 9
62 16 8
65 17 8
4 1 0
77 21 9
44 11 5
10 2 2
3 0 1
62 17 10
90 25 10
49 13 7
83 21 9
54 13 7
75 19 9
21 5 3
3 1 0
24 6 3
32 8 4
70 18 8
79 22 10
60 15 7
9 2 1
20 5 2
72 18 9
4 1 0
46 11 6
82 21 11
5 1 1
93 25 10
86 23 10
14 4 2
99 30 12
90 22 11
23 5 3
39 11 4
38 10 5
11 2 1
62 15 8
35 8 4
9 2 1
62 15 7
60 14 7
94 25 12
16 4 2
70 18 8
38 9 5
70 18 9
59 15 7
1 1 0
72 20 8
65 16 8
18 5 2
16 5 2
56 14 7
16 4 2
31 9 4
40 13 6
13 3 2
89 24 12
83 21 11
55 15 9
86 22 14
11 4 2
85 24 10
75 20 9
81 23 10
16 5 2
52 14 7
42 11 5
16 4 2
80 20 11
11 3 1
99 27 13
74 21 9
89 25 12
78 21 10
33 8 4
57 14 7
90 22 10
14 3 1
9 3 1
42 10 5
91 22 11
24 6 3
64 17 7
29 7 4
85 22 12
79 21 9
1 0 0
72 18 8
86 21 12
75 20 8
72 18 8
34 9 5
68 17 8
54 15 7
96 24 13
69 20 8
26 7 4
77 19 9
30 8 3
51 14 6
99 26 12
10 3 1
94 26 13
87 23 10
81 21 10
17 4 2
50 12 7
68 21 9
29 8 3
80 20 11
65 17 9
22 7 3
6 2 0
27 7 3
17 5 2
17 5 2
27 8 4
67 18 8
88 22 11
82 21 10
65 16 7
41 11 5
87 23 11
22 6 3
63 18 9
22 6 3
65 16 8
10 2 1
16 4 2
3 1 0
74 19 10
25 8 4
42 11 5
46 11 6
63 16 7
24 6 3
32 7 3
7 2 1
69 17 10
19 6 3
3 1 1
8 2 1
8 2 1
82 22 9
13 4 1
37 9 4
31 8 3
15 3 1
10 3 1
85 21 10
57 13 8
91 22 11
94 24 11
97 27 12
53 14 6
55 14 7
46 11 7
9 2 1
49 13 5
92 25 11
13 3 1
32 9 4
15 3 1
40 10 5
59 16 7
23 6 2
5 1 1
96 27 11
53 15 6
70 17 9
80 21 9
39 9 4
24 6 2
19 5 1
67 16 8
60 16 9
99 30 11
87 21 10
97 25 11
63 17 7
34 8 4
59 14 7
23 6 2
47 12 6
93 25 11
38 11 4
26 7 2
48 12 6
59 14 8
3 0 1
8 2 1
99 25 12
31 8 5
93 24 11
1 0 0
79 21 11
100 27 12
53 13 6
49 13 5
83 20 10
41 11 4
16 4 2
76 19 9
63 17 8
68 19 11
37 10 5
98 24 13
19 5 2
98 26 14
29 7 3
52 13 6
17 4 2
31 7 3
50 12 6
26 6 3
59 15 9
30 9 3
21 5 2
41 11 5
61 15 7
48 12 5
63 15 8
56 15 6
76 19 9
93 23 11
62 16 8
55 15 8
99 25 12
47 12 5
15 3 2
47 12 5
89 23 10
70 18 8
39 9 5
64 16 8
76 20 10
16 4 2
22 5 3
76 18 9
16 4 2
29 7 3
35 9 4
71 17 9
6 1 1
65 18 10
58 14 7
63 15 7
62 16 9
25 6 3
50 15 6
70 17 8
31 9 4
24 6 4
51 12 6
34 8 4
26 6 3
11 3 1
38 9 4
37 9 4
38 9 4
79 20 9
94 25 13
37 11 5
15 3 3
65 18 8
92 23 11
50 12 5
36 9 5
6 1 1
38 9 5
5 1 1
38 10 4
24 6 2
65 16 8
71 18 8
9 3 1
69 21 8
82 21 10
86 21 10
53 13 6
74 18 10
53 14 6
95 25 15
77 21 9
27 7 4
97 24 12
73 18 9
50 12 6
41 10 5
75 18 8
20 5 2
44 10 5
12 3 2
42 11 6
90 25 11
20 6 2
66 17 7
6 1 1
86 23 10
17 4 2
51 13 7
16 4 2
10 3 1
65 17 8
67 16 8
94 24 14
75 20 8
10 3 1
1 1 0
96 25 11
74 19 9
90 22 11
62 14 8
73 19 8
69 22 11
59 15 7
32 7 4
69 17 9
27 9 3
11 3 1
23 6 3
75 20 9
80 21 10
11 2 1
53 14 6
83 22 9
92 25 10
96 25 12
65 16 8
75 19 8
65 16 7
3 1 0
56 14 7
61 17 9
75 22 9
73 19 8
22 6 2
23 6 3
48 12 6
78 20 9
90 21 11
6 1 1
96 24 11
95 26 12
51 15 7
44 11 6
55 14 6
82 21 11
13 3 2
73 18 8
40 10 4
29 7 3
13 3 2
63 16 7
68 19 8
9 3 1
16 5 3
9 2 1
24 6 2
60 15 8
35 8 4
5 2 1
87 22 11
20 5 2
59 17 7
46 13 5
7 1 1
67 17 8
1 1 0
68 17 9
93 26 12
88 22 10
33 9 4
57 14 7
75 18 9
48 12 6
22 5 3
84 21 10
23 5 3
32 7 4
77 22 11
84 21 11
49 12 6
24 6 3
83 20 9
19 4 2
77 19 10
21 6 3
12 3 2
83 21 9
57 14 8
91 24 12
26 7 3
25 7 2
87 22 11
78 19 9
70 20 8
44 11 5
35 9 4
78 20 10
69 20 8
69 18 8
92 24 11
97 25 12
84 21 10
29 7 4
28 7 3
27 7 2
72 18 10
98 26 12
13 3 2
4 1 1
28 7 3
9 2 1
46 12 5
9 3 1
86 22 11
39 10 5
38 9 4
44 11 6
14 3 2
2 0 1
51 12 7
29 8 4
12 4 2
51 14 7
50 12 5
93 23 11
55 13 7
70 17 9
82 23 10
66 17 7
68 17 9
14 3 3
94 26 10
35 9 4
73 19 8
73 18 8
31 9 4
2 0 1
43 10 5
78 19 9
78 20 10
71 20 9
3 1 1
65 19 8
82 19 10
91 24 12
24 6 3
38 9 4
24 6 2
80 21 10
96 25 15
70 20 10
28 8 4
43 10 5
11 2 1
83 21 10
59 14 7
27 7 3
88 22 12
71 19 9
29 9 4
52 16 6
59 15 7
14 3 2
61 16 7
84 22 10
87 24 10
43 11 4
11 2 1
73 18 9
29 8 4
35 10 6
42 14 5
19 4 3
4 1 0
68 17 8
66 15 8
39 10 5
82 20 10
58 14 6
51 12 6
15 3 2
99 25 11
59 15 7
62 16 7
64 15 8
57 14 7
8 1 1
79 20 10
90 22 10
36 9 5
66 16 8
76 19 9
87 25 11
87 21 11
34 9 4
61 15 7
31 8 3
49 11 6
29 7 3
93 23 10
34 10 4
41 10 5
67 20 11
36 11 5
11 2 2
100 25 12
38 10 5
93 24 10
83 22 11
29 7 3
53 13 6
70 19 11
45 13 6
95 25 11
9 2 1
53 14 9
48 11 6
33 9 4
36 9 4
9 2 2
65 17 7
98 25 11
44 11 7
50 13 6
16 5 2
42 10 5
90 24 10
1 0 1
13 3 1
49 12 6
24 6 3
52 13 6
75 17 10
34 8 4
92 23 11
1 0 0
55 15 8
91 24 11
98 25 13
20 5 4
81 20 10
79 20 10
32 8 4
45 12 5
41 10 4
88 23 12
100 26 12
26 6 4
84 21 12
39 10 4
93 23 11
94 25 10
53 14 7
12 3 1
61 16 8
35 9 4
41 11 4
98 26 12
86 22 11
30 7 5
41 10 5
6 1 1
92 24 11
93 25 15
11 2 2
50 13 6
79 21 9
80 20 10
72 17 9
78 20 9
74 18 10
94 27 14
21 7 3
98 26 14
27 7 4
77 19 10
91 23 10
83 21 10
79 20 9
60 17 8
19 5 2
90 23 10
60 16 7
50 12 7
25 7 3
73 18 8
81 20 10
9 3 1
68 18 8
9 3 1
78 22 10
4 1 1
71 18 9
8 2 1
97 24 11
75 18 8
23 6 3
12 3 1
20 5 2
62 15 8
57 14 6
91 22 11
64 19 9
84 22 10
17 5 2
33 11 5
53 17 9
42 11 7
55 14 6
14 3 2
63 16 7
97 25 13
61 16 10
16 5 2
5 1 1
100 25 12
37 10 4
81 20 10
99 25 11
33 8 4
88 21 11
85 23 12
41 12 5
18 4 2
7 2 1
71 17 9
42 9 5
83 21 10
50 13 5
24 6 3
59 14 7
6 2 0
22 6 2
96 25 11
97 29 12
17 5 2
79 19 9
79 20 10
80 20 10
59 15 9
78 20 9
51 14 8
8 3 1
30 9 4
82 22 10
96 24 11
79 21 9
77 19 8
54 14 7
100 27 14
85 26 11
66 17 9
94 23 12
9 2 1
73 18 9
44 11 5
30 7 3
15 4 1
69 17 9
56 14 8
92 25 13
74 20 9
23 6 3
49 12 6
52 13 7
87 23 12
45 12 6
47 11 7
78 19 11
18 5 3
30 8 4
17 4 1
75 19 9
92 24 11
70 17 8
13 4 1
47 13 5
94 23 11
92 24 13
16 4 2
50 13 7
58 15 7
41 10 6
53 14 6
37 10 4
52 12 7
88 23 11
27 6 5
63 15 7
56 15 6
84 24 10
95 24 11
81 20 9
98 24 13
66 17 8
66 16 8
14 3 2
62 17 9
79 27 10
79 20 9
79 20 9
41 10 5
12 3 2
48 12 6
46 12 5
71 18 9
76 21 10
90 25 10
51 13 7
50 12 5
34 8 4
66 15 8
15 4 2
83 22 10
8 2 1
33 9 3
97 25 12
68 21 8
23 6 3
83 21 9
11 3 2
42 10 5
32 7 5
88 23 11
6 1 1
80 20 10
22 5 3
39 9 5
52 12 7
48 13 7
9 2 2
47 12 7
77 21 9
60 15 8
90 22 12
23 7 3
67 17 8
87 21 11
56 16 9
29 8 5
15 3 2
61 16 7
54 13 6
78 19 9
49 13 6
4 1 0
62 15 8
32 7 4
83 22 11
56 13 7
98 28 13
7 1 1
53 14 8
22 5 3
97 26 12
82 23 10
22 6 3
56 13 7
48 11 6
25 7 2
19 4 2
36 11 6
77 22 10
75 20 9
60 15 8
99 26 12
75 18 9
54 13 6
23 5 3
36 8 6
44 11 6
89 25 11
54 13 7
33 8 4
48 12 6
81 20 10
27 7 3
79 20 10
51 14 6
2 0 0
62 16 8
100 27 13
56 15 6
64 16 8
17 4 2
74 18 9
62 15 7
46 11 5
74 18 9
75 18 11
51 14 6
54 14 6
82 21 10
88 22 11
100 27 13
11 2 2
44 11 5
66 16 7
73 19 12
30 8 3
82 20 10
13 4 1
77 20 9
82 21 10
48 13 6
91 24 10
72 19 8
6 2 1
73 21 9
33 8 4
90 24 10
21 5 3
66 16 8
32 8 3
59 15 7
94 24 11
7 1 1
79 19 9
49 13 7
7 1 1
72 22 8
67 17 7
97 24 12
98 25 12
21 5 3
95 23 11
30 7 4
89 21 12
10 2 2
85 24 10
70 18 8
79 19 13
18 5 2
16 4 2
27 6 4
85 21 10
69 17 8
7 2 1
29 7 3
98 25 12
19 6 3
91 25 13
100 26 13
86 22 10
87 21 11
100 25 12
21 5 3
11 3 1
72 19 10
14 4 2
16 4 3
86 23 9
19 5 3
81 21 9
32 8 4
68 17 7
88 22 10
45 12 5
87 22 12
8 2 1
61 18 8
28 7 3
75 19 9
32 8 3
53 13 7
72 19 9
69 17 8
94 24 12
86 23 10
38 10 4
12 3 1
5 1 1
78 20 8
7 2 1
69 18 9
23 5 3
14 3 2
1 0 1
43 10 5
38 10 5
39 10 4
89 23 10
56 15 7
90 26 11
48 12 5
82 21 11
94 23 11
85 22 10
88 22 12
62 17 9
94 26 11
18 5 2
2 0 1
83 20 9
48 11 5
66 16 8
54 13 6
5 2 0
85 21 10
96 23 11
26 7 3
22 6 3
65 18 7
82 20 10
73 18 10
7 2 0
57 14 6
44 12 4
94 24 11
81 20 10
81 22 11
69 18 7
12 3 2
14 3 2
69 18 8
52 12 6
17 4 2
80 20 9
69 18 8
41 11 4
32 8 3
34 7 4
80 23 10
64 16 8
60 16 7
54 14 7
37 9 4
96 25 10
66 17 9
75 23 9
21 7 3
36 11 4
81 22 10
77 19 9
56 14 7
26 7 3
72 18 8
9 2 1
60 15 7
57 15 7
3 0 1
33 8 3
6 2 0
41 11 6
76 21 12
63 17 8
86 21 11
63 15 7
81 20 10
37 10 4
98 24 13
3 1 0
9 3 1
81 24 10
41 11 5
77 20 12
59 16 8
94 24 11
41 10 4
47 12 5
75 18 9
74 19 11
98 28 12
81 21 10
36 8 4
73 18 9
1 0 0
8 2 1
56 13 7
67 16 9
42 11 5
89 22 10
82 24 11
69 19 9
16 3 2
97 25 11
26 6 4
10 2 1
13 4 1
37 9 4
56 14 7
63 15 8
44 11 5
43 10 5
22 5 2
23 6 3
13 3 2
49 13 6
19 5 3
69 17 8
18 4 3
15 3 2
51 14 9
91 23 11
36 9 5
60 15 8
70 18 8
96 27 15
4 1 0
41 10 5
80 20 9
100 26 12
6 1 1
92 24 10
62 17 8
82 22 10
53 14 7
54 14 8
34 9 4
30 7 4
88 22 10
43 11 5
54 14 7
84 20 10
21 6 3
15 3 2
19 4 2
45 10 6
64 18 11
30 8 5
53 14 6
65 16 7
70 17 8
71 18 8
6 2 0
48 12 6
95 24 11
88 22 10
27 8 4
77 21 9
24 7 3
41 10 6
80 20 10
91 23 11
89 22 11
11 2 2
72 18 8
46 12 7
22 5 4
71 21 9
84 22 10
90 24 11
56 14 6
79 20 10
80 21 10
7 2 0
63 17 8
36 9 4
88 25 11
97 25 12
34 8 5
89 22 10
36 9 4
80 20 9
94 25 11
91 24 13
63 19 7
66 17 8
2 1 0
6 1 1
8 2 1
68 18 8
70 18 9
35 8 4
72 18 9
58 14 7
99 27 13
46 12 6
98 25 11
19 5 4
39 9 4
45 11 5
73 19 9
64 18 7
29 8 3
65 18 8
2 1 0
24 7 4
91 23 11
5 1 1
2 0 0
28 7 4
98 26 11
93 25 10
72 19 8
64 16 8
2 1 0
64 19 10
22 6 4
66 17 8
22 6 3
46 11 5
11 2 2
96 24 11
42 11 5
23 5 3
13 3 1
52 12 6
16 5 2
56 14 6
94 23 13
39 13 6
80 20 9
83 22 10
