42 28 5
468 124 55
335 88 39
501 140 59
170 49 25
725 194 87
479 127 59
359 94 45
963 254 121
465 139 54
706 192 86
146 40 20
282 75 35
828 227 104
962 259 118
492 138 62
996 265 120
943 263 117
828 224 101
437 119 56
392 103 47
605 166 76
903 247 110
154 42 22
293 79 36
383 102 46
422 110 77
717 192 90
719 196 84
896 235 112
448 122 52
727 190 86
772 204 117
539 142 69
870 252 102
913 255 110
668 181 82
300 85 41
36 11 7
895 244 111
704 193 84
812 221 107
323 96 43
334 93 45
674 187 80
665 185 78
142 42 21
712 207 102
254 74 52
869 250 132
548 158 74
645 174 82
663 179 88
758 201 101
38 11 5
860 228 101
724 195 93
742 201 89
530 145 64
779 208 93
317 96 46
36 9 5
191 50 24
843 223 102
289 82 41
107 29 15
41 10 6
943 278 118
265 72 35
649 175 84
447 120 59
806 217 101
891 240 107
730 198 90
371 98 46
351 97 43
7 2 1
102 30 14
394 104 48
549 146 74
630 178 76
624 166 80
85 23 11
955 257 117
757 208 97
841 229 102
967 260 113
377 103 49
932 273 117
309 84 46
945 258 118
440 127 52
627 166 78
324 96 39
538 142 76
539 143 72
119 36 17
83 22 11
930 246 120
542 152 65
834 228 101
116 32 16
640 180 86
659 181 81
705 191 89
931 248 109
978 295 120
307 87 46
674 175 87
387 103 57
22 6 3
746 197 90
925 252 115
73 22 9
271 77 49
830 221 105
778 214 94
574 150 70
98 26 13
513 138 68
987 257 122
291 84 39
162 44 20
637 170 82
356 100 46
768 203 104
656 204 81
575 158 70
32 10 5
53 15 8
351 101 45
151 41 18
942 295 122
725 195 92
967 260 117
431 122 58
108 29 14
192 54 26
8 2 1
338 112 46
458 121 55
288 82 37
754 197 92
384 108 49
946 254 115
910 247 113
210 58 28
759 204 98
222 63 31
589 160 76
423 110 56
947 251 118
507 142 63
31 10 5
414 111 73
169 50 23
901 238 112
592 162 73
763 208 99
656 176 81
411 117 50
360 95 47
625 170 81
538 152 67
549 148 65
484 130 61
596 160 73
42 11 6
603 166 76
351 94 46
292 76 35
837 225 110
375 104 46
21 7 4
597 160 76
22 6 3
349 95 42
200 57 23
669 177 79
485 140 65
282 77 35
735 194 97
54 14 8
1000 272 121
419 115 54
939 249 114
901 245 113
789 217 93
128 38 19
468 123 62
729 195 90
894 236 111
649 182 83
484 133 59
808 214 101
422 118 50
311 85 38
618 160 78
814 217 99
515 141 63
310 90 37
617 166 78
936 251 122
452 125 63
601 159 77
250 69 31
520 141 63
557 148 74
799 217 99
304 86 40
225 64 30
9 3 1
845 227 104
610 165 79
990 264 114
703 197 91
196 54 26
486 137 58
94 27 13
344 94 45
524 163 63
588 164 74
315 89 39
504 133 68
449 120 60
201 58 25
459 121 59
619 165 80
581 180 70
797 212 99
799 212 107
282 77 41
590 159 78
799 211 93
10 2 2
158 45 25
473 134 58
623 170 90
539 145 70
293 78 42
39 11 5
180 50 22
191 50 23
658 175 81
959 256 121
192 52 27
816 218 108
889 242 112
157 46 21
512 142 62
203 54 24
635 168 80
273 72 36
56 17 7
329 90 45
647 179 92
363 110 46
887 244 109
876 238 109
434 171 66
870 240 110
143 41 23
845 252 106
417 122 62
882 244 112
999 266 120
323 95 46
652 184 101
22 6 4
700 187 91
558 153 65
477 126 62
893 243 111
390 118 54
76 21 12
713 187 102
601 172 78
511 137 64
4 1 0
870 237 107
862 232 107
689 193 87
402 110 46
790 214 103
256 70 34
424 119 62
3 0 1
586 162 73
183 49 28
286 79 39
89 27 12
427 119 65
618 180 95
758 210 109
833 233 121
933 265 117
170 48 23
155 42 22
722 211 90
190 51 31
977 274 139
330 100 58
369 100 50
693 212 95
426 113 55
556 148 73
435 116 63
550 156 75
442 119 62
513 139 68
146 41 20
61 20 8
719 194 88
754 205 94
140 37 20
424 116 54
280 74 35
997 278 119
688 189 83
530 143 64
550 150 68
438 120 57
867 241 108
950 284 121
194 52 26
196 57 27
298 95 53
417 115 53
287 77 35
106 28 14
489 129 59
283 77 34
456 123 75
735 214 97
115 32 15
702 187 87
317 91 39
672 177 97
787 224 99
264 71 38
314 92 42
356 95 48
186 50 25
54 14 8
913 251 135
809 219 99
833 223 111
946 279 116
314 86 41
757 205 95
322 90 38
559 175 75
647 171 87
983 266 141
482 132 65
145 40 19
197 51 24
223 65 28
130 33 16
162 42 19
536 143 64
451 122 58
174 46 22
467 127 59
45 14 7
660 173 84
293 78 35
440 115 54
254 66 33
25 6 4
155 44 19
511 136 81
746 202 122
650 183 90
187 56 28
314 88 47
475 130 74
23 7 3
169 48 24
19 6 2
788 239 118
906 257 123
959 274 117
392 120 52
203 60 29
626 169 88
478 135 66
415 113 57
315 86 49
825 232 118
335 93 48
875 243 122
373 110 49
160 43 20
834 224 116
71 20 11
488 136 65
298 79 41
519 160 77
178 51 25
774 217 131
271 74 39
764 229 109
669 209 103
193 61 28
986 272 137
103 30 16
481 137 69
214 64 31
628 184 102
803 224 104
100 27 17
528 153 76
626 174 81
544 143 69
925 261 111
24 6 5
973 273 117
62 17 8
182 54 24
4 1 0
433 113 60
506 133 65
594 178 77
726 210 88
32 9 5
493 134 60
143 38 23
223 62 27
287 74 59
65 19 9
901 264 111
188 55 26
361 98 50
414 111 56
975 269 118
271 82 37
171 46 23
236 62 32
834 289 107
712 217 90
761 205 93
897 250 116
668 181 77
286 82 41
551 144 73
141 38 20
695 201 91
696 189 95
625 169 91
20 6 2
126 34 17
577 156 78
695 195 96
659 177 86
303 87 50
372 98 58
467 135 56
679 180 87
594 160 79
852 229 106
485 140 74
19 5 3
465 126 58
120 34 16
153 44 19
801 213 104
88 23 12
61 17 9
927 260 119
11 3 2
758 207 96
171 46 23
316 85 48
577 163 74
228 62 31
44 11 6
759 199 95
165 45 22
110 31 15
883 236 114
87 24 12
566 152 67
488 131 64
578 152 73
475 129 60
626 173 77
628 176 79
630 171 84
929 245 112
424 119 53
521 143 68
903 252 117
963 265 121
124 34 17
597 184 79
738 199 91
262 73 39
196 52 26
526 141 65
265 76 33
261 77 38
203 59 25
117 31 15
31 9 4
327 86 42
12 3 1
772 205 101
412 121 49
548 147 70
154 46 20
521 142 62
791 213 103
925 250 116
189 52 25
764 207 93
941 281 112
852 231 107
663 182 81
830 222 108
901 238 114
714 195 89
959 261 116
579 155 74
366 98 46
8 2 2
478 127 68
201 64 30
59 16 9
440 116 56
304 85 36
761 206 98
358 99 44
325 98 50
478 133 61
109 30 14
114 34 16
888 235 111
802 221 106
851 231 103
461 125 56
429 117 54
994 264 127
385 108 54
406 107 51
541 148 74
112 32 15
705 186 89
836 245 129
357 127 59
73 19 10
351 94 45
824 220 103
486 157 69
557 155 72
217 68 31
627 161 90
358 113 51
527 147 65
358 98 44
338 94 42
272 77 33
870 227 111
362 103 69
897 243 117
23 8 3
618 171 76
113 31 15
718 189 89
697 188 85
586 169 70
42 12 7
424 121 52
130 38 17
230 62 28
566 166 82
560 154 76
933 256 117
297 86 43
856 242 120
54 16 8
963 278 125
585 168 75
735 208 91
655 180 81
973 283 116
458 131 63
370 100 48
533 148 77
964 269 136
608 180 83
484 133 60
